5.000000000000000000e+00 1.104072098711964683e-02 2.000000000000000042e-02 1.019164320963625650e-02
5.099999999999999645e+00 2.291348937076350539e-02 2.000000000000000042e-02 3.458616378683346260e-02
5.200000000000000178e+00 3.377999417193128934e-02 2.000000000000000042e-02 1.002507766953308725e-02
5.299999999999999822e+00 7.985460758240582602e-02 2.000000000000000042e-02 2.849903722663230110e-02
5.400000000000000355e+00 1.127159887758372309e-01 2.000000000000000042e-02 1.005348573151953508e-02
5.500000000000000000e+00 1.409427424917893412e-01 2.000000000000000042e-02 2.643751210530290857e-02
5.599999999999999645e+00 1.811680333786972741e-01 2.000000000000000042e-02 8.707491657668016416e-02
5.700000000000000178e+00 2.384678974670665363e-01 2.000000000000000042e-02 3.935094945534450828e-02
5.799999999999999822e+00 3.548021269412690581e-01 2.000000000000000042e-02 7.537882281849461741e-02
5.900000000000000355e+00 4.376485385749184220e-01 2.000000000000000042e-02 1.024747568569723544e-01
6.000000000000000000e+00 5.182585331675118034e-01 2.000000000000000042e-02 6.698848366228919715e-02
6.099999999999999645e+00 5.976156567894524985e-01 2.000000000000000042e-02 5.701086618033138903e-02
6.200000000000000178e+00 5.990626998999615260e-01 2.000000000000000042e-02 5.701020882898168163e-02
6.299999999999999822e+00 6.529614464667200524e-01 2.000000000000000042e-02 7.397924073404554823e-02
6.400000000000000355e+00 7.520928348820210552e-01 2.000000000000000042e-02 6.351670757556590607e-02
6.500000000000000000e+00 7.578202390511525888e-01 2.000000000000000042e-02 6.813733136028841952e-02
6.599999999999999645e+00 7.921449714760416816e-01 2.000000000000000042e-02 5.375582366569250925e-02
6.700000000000000178e+00 8.277214707724975806e-01 2.000000000000000042e-02 3.232259390982299835e-02
6.799999999999999822e+00 8.646497364384529982e-01 2.000000000000000042e-02 2.421980749084456930e-02
6.900000000000000355e+00 8.682472261938173341e-01 2.000000000000000042e-02 3.228915618200157295e-02
7.000000000000000000e+00 8.725555012295104218e-01 2.000000000000000042e-02 3.864536669054940976e-02
7.099999999999999645e+00 8.788962246421572200e-01 2.000000000000000042e-02 3.388944676303160680e-02
7.200000000000000178e+00 9.023778756539134749e-01 2.000000000000000042e-02 1.612484467808247141e-02
7.300000000000000711e+00 9.052986848635287132e-01 2.000000000000000042e-02 2.982650388529207997e-02
7.400000000000000355e+00 9.089325385469754215e-01 2.000000000000000042e-02 3.833666070804154363e-02
7.500000000000000000e+00 9.062229119814159128e-01 2.000000000000000042e-02 1.853720043202925633e-02
7.599999999999999645e+00 9.164379902732137095e-01 2.000000000000000042e-02 9.127425560735114365e-03
7.700000000000000178e+00 9.026324071732373389e-01 2.000000000000000042e-02 1.675754593457777844e-02
7.800000000000000711e+00 9.079919340816460238e-01 2.000000000000000042e-02 2.055143831979365163e-02
7.900000000000000355e+00 9.013252694325887271e-01 2.000000000000000042e-02 1.291782518227456954e-02
8.000000000000000000e+00 8.635320824120222838e-01 2.000000000000000042e-02 2.524409392269353486e-02
8.099999999999999645e+00 8.985151198976581988e-01 2.000000000000000042e-02 5.142572951619308469e-02
8.199999999999999289e+00 8.644010961700822060e-01 2.000000000000000042e-02 1.863274090062298771e-02
8.300000000000000711e+00 8.305280706726789752e-01 2.000000000000000042e-02 3.855692208598528875e-02
8.400000000000000355e+00 8.106658813803006014e-01 2.000000000000000042e-02 5.931901332845306712e-02
8.500000000000000000e+00 7.920530568572494712e-01 2.000000000000000042e-02 5.362624253522513262e-02
8.599999999999999645e+00 7.682646530787090589e-01 2.000000000000000042e-02 5.911641575836792256e-02
8.699999999999999289e+00 6.852150463362398636e-01 2.000000000000000042e-02 6.101791576361019487e-02
8.800000000000000711e+00 6.007586565415936608e-01 2.000000000000000042e-02 5.700930740423185150e-02
8.900000000000000355e+00 5.532991563242392052e-01 2.000000000000000042e-02 9.207874764535581291e-02
9.000000000000000000e+00 4.716647572373734998e-01 2.000000000000000042e-02 4.317627140865499397e-02
9.100000000000001421e+00 4.683939951740327401e-01 2.000000000000000042e-02 4.443933930777445307e-02
9.199999999999999289e+00 3.175029411440659644e-01 2.000000000000000042e-02 6.662942969528891368e-02
9.300000000000000711e+00 2.830632372021387733e-01 2.000000000000000042e-02 6.824014767395571168e-02
9.400000000000000355e+00 2.205620432228379835e-01 2.000000000000000042e-02 7.701460159886273915e-02
9.500000000000000000e+00 1.108825840517571049e-01 2.000000000000000042e-02 2.103641658054450705e-02
9.600000000000001421e+00 9.569250281497160282e-02 2.000000000000000042e-02 4.327270181602764498e-02
9.699999999999999289e+00 7.182273325113820717e-02 2.000000000000000042e-02 2.625827305422374566e-02
9.800000000000000711e+00 3.235480929483977586e-02 2.000000000000000042e-02 9.871047525562217859e-03
9.900000000000000355e+00 2.321038651585419221e-02 2.000000000000000042e-02 3.898615810716161284e-02
1.000000000000000000e+01 2.439102359317558977e-02 2.000000000000000042e-02 1.228087984251622841e-02
